47,44,9
65,28,7
62,22,16
56,30,14
53,43,4
51,49,0
52,33,15
55,39,6
57,35,8
64,25,11
61,27,12
59,40,1
58,21,21
66,17,17
60,20,20
61,38,1
46,42,12
50,45,5
64,18,18
48,41,11
66,24,10
57,41,2
63,35,2
45,29,26
55,32,13
67,23,10
49,48,3
51,36,13
54,43,3
53,42,5
