60,31,9
49,47,4
52,48,0
51,39,10
44,36,20
45,41,14
61,28,11
65,35,0
57,37,6
59,33,8
56,43,1
64,18,18
54,23,23
66,17,17
42,29,29
67,25,8
50,37,13
57,38,5
55,43,2
58,35,7
65,28,7
40,30,30
53,45,2
63,22,15
62,22,16
46,27,27
58,21,21
62,26,12
36,32,32
50,38,12
